23
9
4278468689 
4278468689 
4278468689 
4278468689 
4278468689 
4278468689 
4278468689 
4278468689 
4278468689 
4278468689 
4278468689 
4278468689 
4278468689 
4278468689 
4278468689 
4278468689 
4278468689 
4278468689 
4278468689 
4278468689 
4278468689 
4278468689 
4278468689 
4278403668 
4278403668 
4278403668 
4278403668 
4278403668 
4278403668 
4278403668 
4278403668 
4278403668 
4278403668 
4278403668 
4278403668 
4278403668 
4278403668 
4278403668 
4278403668 
4278403668 
4278403668 
4278403668 
4278403668 
4278403668 
4278403668 
4278403668 
4278404440 
4278404440 
4278404440 
4278404440 
4278404440 
4278404440 
4278404440 
4278404440 
4278404440 
4278404440 
4278404440 
4278404440 
4278404440 
4278404440 
4278404440 
4278404440 
4278404440 
4278404440 
4278404440 
4278404440 
4278404440 
4278404440 
4278404440 
4278339419 
4278339419 
4278339419 
4278339419 
4278339419 
4278339419 
4278339419 
4278339419 
4278339419 
4278339419 
4278339419 
4278339419 
4278339419 
4278339419 
4278339419 
4278339419 
4278339419 
4278339419 
4278339419 
4278339419 
4278339419 
4278339419 
4278339419 
4278274398 
4278274398 
4278274398 
4278274398 
4278274398 
4278274398 
4278274398 
4278274398 
4278274398 
4278274398 
4278274398 
4278274398 
4278274398 
4278274398 
4278274398 
4278274398 
4278274398 
4278274398 
4278274398 
4278274398 
4278274398 
4278274398 
4278274398 
4278275170 
4278275170 
4278275170 
4278275170 
4278275170 
4278275170 
4278275170 
4278275170 
4278275170 
4278275170 
4278275170 
4278275170 
4278275170 
4278275170 
4278275170 
4278275170 
4278275170 
4278275170 
4278275170 
4278275170 
4278275170 
4278275170 
4278275170 
4278210406 
4278210406 
4278210406 
4278210406 
4278210406 
4278210406 
4278210406 
4278210406 
4278210406 
4278210406 
4278210406 
4278210406 
4278210406 
4278210406 
4278210406 
4278210406 
4278210406 
4278210406 
4278210406 
4278210406 
4278210406 
4278210406 
4278210406 
4278275427 
4278275427 
4278275427 
4278275427 
4278275427 
4278275427 
4278275427 
4278275427 
4278275427 
4278275427 
4278275427 
4278275427 
4278275427 
4278275427 
4278275427 
4278275427 
4278275427 
4278275427 
4278275427 
4278275427 
4278275427 
4278275427 
4278275427 
4278274655 
4278274655 
4278274655 
4278274655 
4278274655 
4278274655 
4278274655 
4278274655 
4278274655 
4278274655 
4278274655 
4278274655 
4278274655 
4278274655 
4278274655 
4278274655 
4278274655 
4278274655 
4278274655 
4278274655 
4278274655 
4278274655 
4278274655 
