36
11
4278651930 
4278651930 
4278651930 
4278651930 
4278651930 
4278651930 
4278651930 
4278651930 
4278651930 
4278651930 
4278651930 
4278651930 
4278651930 
4278651930 
4278651930 
4278651930 
4278651930 
4278651930 
4278651930 
4278651930 
4278651930 
4278651930 
4278651930 
4278651930 
4278651930 
4278651930 
4278651930 
4278651930 
4278651930 
4278651930 
4278651930 
4278651930 
4278651930 
4278651930 
4278651930 
4278651930 
4278651930 
4278651930 
4278651930 
4289638580 
4289046187 
4283717473 
4278651930 
4278651930 
4278651930 
4278651930 
4278651930 
4278651930 
4278651930 
4278651930 
4278651930 
4278651930 
4278651930 
4278651930 
4278651930 
4278651930 
4278651930 
4278651930 
4278651930 
4278651930 
4278651930 
4278651930 
4278651930 
4278651930 
4278651930 
4283520094 
4289046187 
4289770166 
4278651930 
4278651930 
4278651930 
4278651930 
4278651930 
4278651930 
4278651930 
4290362046 
4278651930 
4278651930 
4278651930 
4278651930 
4278651930 
4286941327 
4282336078 
4278651930 
4278651930 
4278651930 
4278651930 
4278651930 
4281217598 
4288585893 
4289638580 
4288454307 
4281217598 
4278651930 
4278651930 
4290362046 
4278651930 
4278651930 
4278651930 
4290164924 
4278651930 
4278651930 
4278651930 
4290362046 
4278651930 
4278651930 
4278651930 
4278651930 
4278651930 
4278651930 
4278651930 
4290362046 
4278651930 
4278651930 
4278651930 
4278651930 
4279901996 
4289375409 
4278849309 
4278651930 
4278651930 
4278651930 
4278651930 
4278651930 
4288585893 
4283125593 
4278717723 
4282270285 
4288849065 
4278651930 
4278651930 
4290362046 
4278651930 
4278651930 
4278651930 
4290164924 
4278651930 
4278651930 
4278651930 
4290362046 
4278651930 
4278651930 
4278651930 
4278651930 
4278651930 
4278651930 
4278651930 
4290362046 
4278651930 
4278651930 
4278651930 
4278651930 
4284770160 
4284901746 
4278651930 
4278651930 
4278651930 
4278651930 
4278651930 
4278651930 
4290099131 
4279638567 
4278651930 
4278651930 
4278651930 
4278651930 
4278651930 
4290362046 
4278651930 
4278651930 
4278651930 
4290164924 
4278651930 
4278651930 
4278651930 
4290362046 
4278651930 
4278651930 
4278651930 
4278651930 
4278651930 
4278651930 
4278651930 
4290362046 
4278651930 
4278651930 
4278651930 
4278915102 
4289506995 
4280165168 
4278651930 
4278651930 
4278651930 
4278651930 
4278651930 
4278651930 
4287533207 
4286086018 
4280165168 
4278651930 
4278651930 
4278651930 
4278651930 
4290362046 
4278651930 
4278651930 
4278651930 
4290164924 
4278651930 
4278651930 
4278651930 
4290362046 
4278651930 
4278651930 
4278651930 
4278651930 
4278651930 
4278651930 
4278651930 
4290362046 
4278651930 
4278651930 
4278651930 
4282599250 
4287467670 
4278651930 
4278651930 
4278651930 
4278651930 
4278651930 
4278651930 
4278651930 
4279836203 
4286612105 
4290362046 
4287599000 
4280428339 
4278651930 
4278651930 
4290559425 
4289046187 
4289046187 
4289046187 
4290493632 
4278651930 
4278651930 
4278651930 
4290362046 
4278651930 
4278651930 
4278651930 
4278651930 
4278651930 
4278651930 
4278651930 
4290362046 
4278651930 
4278651930 
4278651930 
4287664793 
4282599250 
4278651930 
4290362046 
4278651930 
4278651930 
4278651930 
4278651930 
4278651930 
4278651930 
4278651930 
4279572775 
4285164918 
4287993757 
4278651930 
4278651930 
4290362046 
4278651930 
4278651930 
4278651930 
4290164924 
4278651930 
4278651930 
4278651930 
4290362046 
4278651930 
4278651930 
4278651930 
4278651930 
4278651930 
4278651930 
4278651930 
4290362046 
4278651930 
4278651930 
4278651930 
4289967545 
4289835959 
4289770166 
4290888390 
4289111980 
4278651930 
4278651930 
4278651930 
4278651930 
4279046687 
4278651930 
4278651930 
4279112480 
4289967545 
4278651930 
4278651930 
4290362046 
4278651930 
4278651930 
4278651930 
4290164924 
4278651930 
4278651930 
4278651930 
4290362046 
4278651930 
4278651930 
4278651930 
4278651930 
4278651930 
4278651930 
4278651930 
4290362046 
4278651930 
4278651930 
4278651930 
4278651930 
4278651930 
4278651930 
4290362046 
4278651930 
4278651930 
4278651930 
4278651930 
4278651930 
4288914602 
4282467664 
4278717723 
4283125593 
4287993757 
4278651930 
4278651930 
4290362046 
4278651930 
4278651930 
4278651930 
4290164924 
4278651930 
4278651930 
4278651930 
4290362046 
4278651930 
4278651930 
4278651930 
4278651930 
4278651930 
4278651930 
4278651930 
4290362046 
4278651930 
4278651930 
4278651930 
4278651930 
4278651930 
4278651930 
4290362046 
4278651930 
4278651930 
4288717479 
4278651930 
4278651930 
4281151805 
4288520100 
4289704373 
4288388515 
4280822841 
4278651930 
4278651930 
4290362046 
4278651930 
4278651930 
4278651930 
4290164924 
4278651930 
4278651930 
4278651930 
4290362046 
4278651930 
4278651930 
4278651930 
4278651930 
