23
9
4279242768 
4279242768 
4279308561 
4279374354 
4279308304 
4279242768 
4279242768 
4279242768 
4279242768 
4279242768 
4279242768 
4279242768 
4279242768 
4279242767 
4279242767 
4279242767 
4279242767 
4279242767 
4279242767 
4279242767 
4279242767 
4279242767 
4279242767 
4279242768 
4279242768 
4279242768 
4279308304 
4279242768 
4279242768 
4279242768 
4279242768 
4279242768 
4279242768 
4279242768 
4279242768 
4279242768 
4279242768 
4279242767 
4279242767 
4279242767 
4279242767 
4279242767 
4279242767 
4279242767 
4279242767 
4279242767 
4279242768 
4279242768 
4279242768 
4279242768 
4279242768 
4279242768 
4279242768 
4279242768 
4279242768 
4279242768 
4279242768 
4279242768 
4279242768 
4279242768 
4279242767 
4279242767 
4279242767 
4279242767 
4279242767 
4279242767 
4279242767 
4279242767 
4279242767 
4279242768 
4279242768 
4279242768 
4279242768 
4279242768 
4279242768 
4279242768 
4279242768 
4279242768 
4279242768 
4279242768 
4279242768 
4279242768 
4279242768 
4279242767 
4279242767 
4279242767 
4279242767 
4279242767 
4279242767 
4279242767 
4279242767 
4279242767 
4279242768 
4279242768 
4279242768 
4279242768 
4279242768 
4279242768 
4279242768 
4279242768 
4279242768 
4279242768 
4279242768 
4279242768 
4279242768 
4279242767 
4279242767 
4279242767 
4279242767 
4279242767 
4279242767 
4279242767 
4279242767 
4279242767 
4279242767 
4279242768 
4279242768 
4279242768 
4279242768 
4279242768 
4279242768 
4279242768 
4279242768 
4279242768 
4279242768 
4279242768 
4279242768 
4279242768 
4279242767 
4279242767 
4279242767 
4279242767 
4279242767 
4279242767 
4279242767 
4279242767 
4279242767 
4279242767 
4279242768 
4279242768 
4279242768 
4279242768 
4279242768 
4279242768 
4279242768 
4279242768 
4279242768 
4279242768 
4279242768 
4279242768 
4279242767 
4279242767 
4279242767 
4279242767 
4279242767 
4279242767 
4279242767 
4279242767 
4279242767 
4279242767 
4279242767 
4279242768 
4279242768 
4279242768 
4279242768 
4279242768 
4279242768 
4279242768 
4279242768 
4279242768 
4279242768 
4279242768 
4279242767 
4279242767 
4279242768 
4279242767 
4279242767 
4279242767 
4279242767 
4279242767 
4279242767 
4279242767 
4279242767 
4279242767 
4279242768 
4279242768 
4279242768 
4279242768 
4279242768 
4279242768 
4279242768 
4279242768 
4279242768 
4279242768 
4279242767 
4279242767 
4279242768 
4279242767 
4279242767 
4279242767 
4279242767 
4279242767 
4279242767 
4279242767 
4279242767 
4279242767 
4279242767 
