20
20
4279176975 
4279176975 
4279176975 
4279176975 
4279176975 
4279176975 
4279176975 
4279176975 
4279176975 
4279176975 
4279176975 
4279176975 
4279176975 
4279176975 
4279176975 
4279176975 
4279176975 
4279176975 
4279176975 
4279176975 
4279176975 
4279176975 
4279176975 
4279176975 
4279176975 
4279176975 
4279176975 
4279176975 
4279176975 
4279176975 
4279176975 
4279176975 
4279176975 
4279176975 
4279176975 
4279176975 
4279176975 
4279176975 
4279176975 
4279176975 
4279176975 
4279176975 
4279176975 
4279176975 
4279176975 
4279176975 
4279176975 
4279176975 
4279176975 
4279176975 
4279176975 
4279176975 
4279176975 
4279176975 
4279176975 
4279176975 
4279176975 
4279176975 
4279176975 
4279176975 
4279176975 
4279176975 
4279176975 
4279176975 
4279176975 
4279176975 
4279176975 
4279176975 
4279176975 
4279176975 
4279176975 
4279176975 
4279176975 
4279176975 
4279176975 
4279176975 
4279176975 
4279176975 
4279176975 
4279176975 
4279176975 
4279176975 
4279176975 
4279176975 
4279176975 
4279176975 
4279176975 
4279176975 
4279176975 
4279176975 
4279176975 
4279176975 
4279176975 
4279176975 
4279176975 
4279176975 
4279176975 
4279176975 
4279176975 
4279176975 
4279176975 
4279176975 
4279176975 
4279176975 
4279176975 
4279176975 
4279176975 
4279176975 
4279176975 
4279176975 
4279176975 
4279176975 
4279176975 
4279176975 
4279176975 
4279176975 
4279176975 
4279176975 
4279176975 
4279176975 
4279176975 
4279176975 
4279176975 
4279176975 
4279176975 
4282861383 
4291019715 
4283519313 
4279176975 
4282861383 
4291019715 
4280690214 
4279176975 
4279176975 
4279176975 
4279176975 
4279176975 
4279176975 
4279176975 
4281413937 
4279176975 
4279176975 
4279176975 
4279176975 
4279176975 
4282861383 
4291019715 
4289177511 
4279308561 
4282861383 
4291019715 
4280690214 
4279176975 
4279176975 
4279176975 
4279176975 
4279176975 
4279176975 
4279176975 
4282861383 
4279176975 
4279176975 
4279176975 
4279176975 
4279176975 
4282861383 
4291019715 
4291019715 
4283190348 
4282861383 
4291019715 
4280690214 
4279242768 
4285558896 
4290098613 
4289769648 
4283650899 
4279176975 
4279176975 
4291019715 
4279176975 
4279176975 
4279176975 
4279176975 
4279176975 
4282861383 
4291019715 
4290822336 
4288980132 
4282992969 
4291019715 
4280690214 
4281479730 
4291019715 
4285756275 
4287335307 
4290624957 
4279571733 
4279176975 
4285229931 
4279176975 
4279176975 
4279176975 
4279176975 
4279176975 
4282861383 
4291019715 
4286414205 
4291019715 
4286611584 
4291019715 
4280690214 
4282861383 
4291019715 
4280756007 
4282992969 
4291019715 
4280690214 
4279176975 
4282861383 
4279176975 
4279176975 
4279176975 
4279176975 
4279176975 
4282861383 
4291019715 
4281348144 
4290230199 
4290888129 
4291019715 
4280690214 
4282861383 
4291019715 
4280690214 
4282861383 
4291019715 
4280690214 
4279176975 
4282861383 
4279176975 
4279176975 
4279176975 
4279176975 
4279176975 
4282861383 
4291019715 
4280690214 
4285032552 
4291019715 
4291019715 
4280690214 
4282861383 
4291019715 
4280756007 
4282992969 
4291019715 
4280690214 
4279176975 
4282861383 
4279176975 
4279176975 
4279176975 
4279176975 
4279176975 
4282861383 
4291019715 
4280690214 
4279900698 
4290295992 
4291019715 
4280690214 
4281479730 
4291019715 
4285822068 
4287401100 
4290624957 
4279571733 
4279176975 
4281742902 
4279176975 
4279176975 
4279176975 
4279176975 
4279176975 
4282861383 
4291019715 
4280690214 
4279176975 
4285098345 
4291019715 
4280690214 
4279176975 
4285493103 
4290230199 
4289769648 
4283650899 
4279176975 
4279176975 
4279242768 
4279176975 
4279176975 
4279176975 
4279176975 
4279176975 
4279176975 
4279176975 
4279176975 
4279176975 
4279176975 
4279176975 
4279176975 
4279176975 
4279176975 
4279176975 
4279176975 
4279176975 
4279176975 
4279176975 
4279176975 
4279176975 
4279176975 
4279176975 
4279176975 
4279176975 
4279176975 
4279176975 
4279176975 
4279176975 
4279176975 
4279176975 
4279176975 
4279176975 
4279176975 
4279176975 
4279176975 
4279176975 
4279176975 
4279176975 
4279176975 
4279176975 
4279176975 
4279176975 
4279176975 
4279176975 
4279176975 
4279176975 
4279176975 
4279176975 
4279176975 
4279176975 
4279176975 
4279176975 
4279176975 
4279176975 
4279176975 
4279176975 
4279176975 
4279176975 
4279176975 
4279176975 
4279176975 
4279176975 
4279176975 
4279176975 
4279176975 
4279176975 
4279176975 
4279176975 
4279176975 
4279176975 
4279176975 
4279176975 
4279176975 
4279176975 
4279176975 
4279176975 
4279176975 
4279176975 
4279176975 
4279176975 
4279176975 
4279176975 
4279176975 
4279176975 
4279176975 
4279176975 
4279176975 
4279176975 
4279176975 
4279176975 
4279176975 
4279176975 
4279176975 
4279176975 
4279176975 
4279176975 
4279176975 
4279176975 
4279176975 
