25
25
4278387458 
4278387458 
4278387458 
4278387458 
4278387458 
4278387458 
4278387458 
4278387458 
4278387458 
4278387458 
4278387458 
4278387458 
4278387458 
4278387458 
4278387458 
4278387458 
4278387458 
4278387458 
4278387458 
4278387458 
4278387458 
4278387458 
4278387458 
4278387458 
4278387458 
4278387458 
4278387458 
4278387458 
4278387458 
4278387458 
4278387458 
4278387458 
4278387458 
4278387458 
4278387458 
4278387458 
4278387458 
4278387458 
4278387458 
4278387458 
4278387458 
4278387458 
4278387458 
4278387458 
4278387458 
4278387458 
4278387458 
4278387458 
4278387458 
4278387458 
4278387458 
4278387458 
4278387458 
4278387458 
4278387458 
4278387458 
4278387458 
4278387458 
4278387458 
4278387458 
4278387458 
4278387458 
4282664003 
4278387458 
4278387458 
4278387458 
4278387458 
4278387458 
4278387458 
4278387458 
4278387458 
4278387458 
4278387458 
4278387458 
4278387458 
4278387458 
4278387458 
4278387458 
4278387458 
4278387458 
4278387458 
4278387458 
4278387458 
4278387458 
4278387458 
4278387458 
4278387458 
4288322201 
4278387458 
4278387458 
4278387458 
4278387458 
4278387458 
4278387458 
4278387458 
4278387458 
4278387458 
4278387458 
4278387458 
4278387458 
4278387458 
4278387458 
4278387458 
4278387458 
4278387458 
4278387458 
4278387458 
4278387458 
4278453251 
4279176974 
4279900697 
4280558627 
4290493370 
4280361248 
4279703318 
4278979595 
4278453251 
4278387458 
4278387458 
4278387458 
4278387458 
4278387458 
4278387458 
4278387458 
4278387458 
4278387458 
4278387458 
4278387458 
4278387458 
4278387458 
4278387458 
4278387458 
4279505939 
4282795589 
4284769379 
4285164137 
4285756274 
4291743437 
4285558895 
4285032551 
4284440414 
4281940280 
4278782216 
4278387458 
4278387458 
4278387458 
4278387458 
4278387458 
4278387458 
4278387458 
4278387458 
4278387458 
4278387458 
4278387458 
4278387458 
4278387458 
4280163869 
4284769379 
4283321933 
4279769111 
4279176974 
4278716423 
4289506475 
4278848009 
4279308560 
4280295455 
4284243035 
4284243035 
4279242767 
4278387458 
4278387458 
4278387458 
4278387458 
4278387458 
4278387458 
4278387458 
4278387458 
4278387458 
4278387458 
4278387458 
4280163869 
4285032551 
4280690213 
4278387458 
4278387458 
4278387458 
4278387458 
4289243303 
4278387458 
4278387458 
4278387458 
4278387458 
4282137659 
4284637793 
4279440146 
4278387458 
4278387458 
4278387458 
4278387458 
4278387458 
4278387458 
4278387458 
4278387458 
4278387458 
4279505939 
4284769379 
4280690213 
4278387458 
4278387458 
4278716423 
4281479729 
4284243035 
4291414472 
4283585105 
4280756006 
4278387458 
4278387458 
4278387458 
4281874487 
4283124554 
4278782216 
4278387458 
4278387458 
4278387458 
4278387458 
4278387458 
4278387458 
4278387458 
4278453251 
4282795589 
4283321933 
4278387458 
4278387458 
4279045388 
4284243035 
4285229930 
4283190347 
4291085507 
4283716691 
4285756274 
4283124554 
4278782216 
4278387458 
4279111181 
4284637793 
4280229662 
4278387458 
4278387458 
4278387458 
4278387458 
4278387458 
4278387458 
4278387458 
4279176974 
4284769379 
4279769111 
4278387458 
4278716423 
4284243035 
4282335038 
4278453251 
4278387458 
4289243303 
4278387458 
4278519044 
4283519312 
4282203452 
4278519044 
4278387458 
4282400831 
4283650898 
4278387458 
4278387458 
4278387458 
4278387458 
4278387458 
4278387458 
4278387458 
4279900697 
4285164137 
4279176974 
4278387458 
4281479729 
4285229930 
4278453251 
4278387458 
4278387458 
4288914338 
4278387458 
4278387458 
4279637525 
4284966758 
4279440146 
4278387458 
4280756006 
4286545790 
4278387458 
4278387458 
4278387458 
4278387458 
4278387458 
4278387458 
4278387458 
4280558627 
4285756274 
4278716423 
4278387458 
4284243035 
4283190347 
4278387458 
4278387458 
4278387458 
4289901233 
4278387458 
4278387458 
4278979595 
4285953653 
4280361248 
4278387458 
4279374353 
4289309096 
4278387458 
4278387458 
4278387458 
4278387458 
4278387458 
4282664003 
4288322201 
4290493370 
4291743437 
4289440682 
4289177510 
4291348679 
4291085507 
4289177510 
4288914338 
4289901233 
4292730332 
4289572268 
4288782752 
4289506475 
4291809230 
4290361784 
4289111717 
4289835440 
4292598746 
4289769647 
4287861650 
4279834904 
4278387458 
4278387458 
4278387458 
4278387458 
4280361248 
4285558895 
4278848009 
4278387458 
4283585105 
4283716691 
4278387458 
4278387458 
4278387458 
4289572268 
4278387458 
4278387458 
4279111181 
4285690481 
4280163869 
4278387458 
4279703318 
4288585373 
4278387458 
4278387458 
4278387458 
4278387458 
4278387458 
4278387458 
4278387458 
4279703318 
4285032551 
4279308560 
4278387458 
4280756006 
4285756274 
4278519044 
4278387458 
4278387458 
4288848545 
4278387458 
4278387458 
4279834904 
4284703586 
4279176974 
4278387458 
4281150764 
4285822067 
4278387458 
4278387458 
4278387458 
4278387458 
4278387458 
4278387458 
4278387458 
4278979595 
4284440414 
4280295455 
4278387458 
4278387458 
4283124554 
4283519312 
4279637525 
4278979595 
4289572268 
4279111181 
4279834904 
4284177242 
4281216557 
4278387458 
4278453251 
4282927175 
4282795589 
4278387458 
4278387458 
4278387458 
4278387458 
4278387458 
4278387458 
4278387458 
4278453251 
4281940280 
4284243035 
4278387458 
4278387458 
4278782216 
4282203452 
4284966758 
4285953653 
4291809230 
4285690481 
4284703586 
4281216557 
4278650630 
4278387459 
4279374353 
4284572000 
4279834904 
4278387458 
4278387458 
4278387458 
4278387458 
4278387458 
4278387458 
4278387458 
4278387458 
4278782216 
4284243035 
4282137659 
4278387458 
4278387458 
4278519044 
4279440146 
4280426785 
4290493114 
4280163869 
4279176974 
4278387458 
4278387458 
4278387458 
4283256140 
4282203452 
4278519044 
4278387458 
4278387458 
4278387458 
4278387458 
4278387458 
4278387458 
4278387458 
4278387458 
4278387458 
4279242767 
4284637793 
4281874487 
4279111181 
4278387458 
4278387458 
4278387459 
4289111718 
4278387458 
4278387458 
4278453251 
4279374353 
4283256140 
4283848277 
4278913802 
4278387458 
4278387458 
4278387458 
4278387458 
4278387458 
4278387458 
4278387458 
4278387458 
4278387458 
4278387458 
4278387458 
4279440146 
4283124554 
4284637793 
4282400831 
4280756006 
4279374353 
4289901233 
4279703318 
4281150764 
4282927175 
4284572000 
4282203452 
4278913802 
4278387458 
4278387458 
4278387458 
4278387458 
4278387458 
4278387458 
4278387458 
4278387458 
4278387458 
4278387458 
4278387458 
4278387458 
4278387458 
4278782216 
4280229662 
4283650898 
4286545790 
4289309096 
4292598746 
4288585373 
4285822067 
4282795589 
4279834904 
4278519044 
4278387458 
4278387458 
4278387458 
4278387458 
4278387458 
4278387458 
4278387458 
4278387458 
4278387458 
4278387458 
4278387458 
4278387458 
4278387458 
4278387458 
4278387458 
4278387458 
4278387458 
4278387458 
4278387458 
4289769647 
4278387458 
4278387458 
4278387458 
4278387458 
4278387458 
4278387458 
4278387458 
4278387458 
4278387458 
4278387458 
4278387458 
4278387458 
4278387458 
4278387458 
4278387458 
4278387458 
4278387458 
4278387458 
4278387458 
4278387458 
4278387458 
4278387458 
4278387458 
4278387458 
4287861650 
4278387458 
4278387458 
4278387458 
4278387458 
4278387458 
4278387458 
4278387458 
4278387458 
4278387458 
4278387458 
4278387458 
4278387458 
4278387458 
4278387458 
4278387458 
4278387458 
4278387458 
4278387458 
4278387458 
4278387458 
4278387458 
4278387458 
4278387458 
4278387458 
4279834904 
4278387458 
4278387458 
4278387458 
4278387458 
4278387458 
4278387458 
4278387458 
4278387458 
4278387458 
4278387458 
4278387458 
4278387458 
